control1	393860.271	6695287.926	646.773	
control2	393868.946	6695316.571	644.398	
control3	393782.185	6695439.802	675.140	
control4	393610.609	6695578.333	782.287	
glacier1	394097.434	6695625.150	683.678	
glacier2	394097.980	6695889.873	747.501	
glacier3	394258.679	6696097.753	809.653	
margin1		394569.509	6695550.678	621.075	
margin2		394537.120	6695346.838	575.575	
snowy		393646.770	6696293.364	947.709	
tlcliff		393506.713	6695855.641	961.337	
tltongue	393797.378	6694756.620	767.029	
tlweather	392875.681	6696842.618	1403.860	
