tounge camera selected gcp from google earth [Easting, Northing, Elevation, image_u3.93797370e+05  6.69475662,image_v] control4 control2 control3 cliffcam

393610.609 6695578.333 782.287 479 2448
393506.713 6695855.641 961.337 164 1398
393868.946 6695316.571 644.398 2813 3853
393782.185 6695439.802 675.140 1879 3367
393610.609 6695578.333 782.287 480 2448
394097.434 6695625.150 683.678 3970 3005
394097.980 6695889.873 747.501 3577 2557
394258.679 6696097.753 809.653 3926 2324
394569.509 6695550.678 621.075 6715 3257